1 2 3 4 5 6 7 8 9   2 1 0 1 2 1 0 1 2   4 8 8 13 20 17 22 32 26
3 1 2 0 1 4 5 2 1   1 0 2 3 1 1 2 4 0   10 9 7 11 17 1 13 6 12
2 3 1 1 0 2 4 1 3   0 1 2 3 2 1 1 0 1   10 8 8 2 1 4 6 6 12
1 1 1 1 2 3 2 1 0   4 0 1 1 3 2 2 1 0   7 4 3 12 9 5 9 3 4
0 2 1 3 1 4 2 0 1   1 2 0 0 1 3 4 0 2   4 2 8 19 7 11 6 4 2
2 1 3 1 4 0 5 2 1   3 1 2 2 0 1 1 4 3   11 14 14 11 1 6 20 9 15
1 0 2 2 1 1 3 4 0   2 3 1 1 0 2 4 1 0   10 5 1 9 7 4 10 9 11
4 1 0 2 3 1 1 0 2   1 2 3 0 1 4 2 0 1   4 9 16 4 7 19 5 2 5
2 5 1 1 3 2 0 4 1   3 1 0 2 4 1 1 0 2   17 22 7 11 13 7 9 16 6
1 3 2 4 0 1 2 5 3   2 1 4 3 0 1 1 2 0   13 5 7 9 6 16 22 8 13
1 2 3 4 5 6 7 8 9   9 8 7 6 5 4 3 2 1   30 24 18 84 69 54 138 114 90
1 2 3 4 5 6 7 8 9   1 0 0 0 1 0 0 0 1   1 2 3 4 5 6 7 8 9
2 0 1 1 3 2 4 1 0   1 2 3 0 1 4 5 6 0   7 10 6 11 17 15 4 9 16
